0.0000000000    0.0000000000    0.0000000000 10 !G
0.0000000000    0.5000000000    0.0000000000 10 !X
0.5000000000    0.5000000000    0.0000000000 10 !M
0.0000000000    0.0000000000    0.0000000000 10 !G
0.0000000000    0.0000000000    0.5000000000 10 !Z
0.0000000000    0.5000000000    0.5000000000 10 !R
0.5000000000    0.5000000000    0.5000000000 10 !A
0.0000000000    0.0000000000    0.5000000000 1  !Z
0.0000000000    0.5000000000    0.0000000000 10 !X
0.0000000000    0.5000000000    0.5000000000 1  !R
0.5000000000    0.5000000000    0.0000000000 10 !M
0.5000000000    0.5000000000    0.5000000000 1  !A
