 Fermi (or HOMO) energy (hartree) =   0.15146   Average Vxc (hartree)=  -0.40912
 Eigenvalues (hartree) for nkpt=  21  k points:
 kpt#   1, nband= 27, wtk=  0.01563, kpt=  0.0000  0.0000  0.0000 (reduced coord)
  -0.62275   -0.60002   -0.59277   -0.59174   -0.59174   -0.58881   -0.58804   -0.58561
  -0.58518   -0.58518   -0.53174   -0.46868   -0.46868   -0.41513   -0.14076    0.00925
   0.00925    0.01290    0.04601    0.07756    0.07945    0.10448    0.10448    0.12553
   0.12553    0.15146    0.17324
 kpt#   2, nband= 27, wtk=  0.06250, kpt=  0.2500  0.0000  0.0000 (reduced coord)
  -0.61982   -0.60326   -0.59266   -0.59162   -0.59162   -0.59070   -0.58764   -0.58592
  -0.58532   -0.58531   -0.52485   -0.48146   -0.45846   -0.41972   -0.12574   -0.02735
   0.01905    0.02079    0.05746    0.06640    0.08579    0.09210    0.10525    0.10646
   0.12659    0.14180    0.22321
 kpt#   3, nband= 27, wtk=  0.03125, kpt=  0.5000  0.0000  0.0000 (reduced coord)
  -0.61198   -0.61198   -0.59221   -0.59221   -0.59149   -0.59149   -0.58673   -0.58673
  -0.58546   -0.58546   -0.50571   -0.50571   -0.43678   -0.43678   -0.08375   -0.08375
   0.04160    0.04160    0.04624    0.04624    0.08243    0.08243    0.10668    0.10668
   0.12985    0.12985    0.29104
 kpt#   4, nband= 27, wtk=  0.03125, kpt=  0.2500  0.2500  0.0000 (reduced coord)
  -0.61815   -0.60647   -0.59247   -0.59178   -0.59149   -0.59134   -0.58734   -0.58612
  -0.58546   -0.58516   -0.51711   -0.47183   -0.47057   -0.42715   -0.10995   -0.03104
   0.01105    0.02717    0.05986    0.06484    0.06821    0.09289    0.10319    0.10681
   0.12340    0.13521    0.25121
 kpt#   5, nband= 27, wtk=  0.06250, kpt=  0.5000  0.2500  0.0000 (reduced coord)
  -0.61311   -0.61311   -0.59204   -0.59204   -0.59166   -0.59166   -0.58668   -0.58668
  -0.58530   -0.58530   -0.49635   -0.49635   -0.44809   -0.44809   -0.06998   -0.06997
   0.03313    0.03313    0.04323    0.04323    0.08302    0.08302    0.10435    0.10435
   0.12513    0.12513    0.29793
 kpt#   6, nband= 27, wtk=  0.03125, kpt= -0.2500  0.2500  0.0000 (reduced coord)
  -0.61815   -0.60647   -0.59247   -0.59178   -0.59149   -0.59134   -0.58734   -0.58612
  -0.58546   -0.58516   -0.51711   -0.47183   -0.47057   -0.42715   -0.10995   -0.03104
   0.01105    0.02717    0.05986    0.06484    0.06821    0.09289    0.10319    0.10681
   0.12340    0.13521    0.25121
 kpt#   7, nband= 27, wtk=  0.01563, kpt=  0.5000  0.5000  0.0000 (reduced coord)
  -0.61417   -0.61417   -0.59189   -0.59189   -0.59181   -0.59181   -0.58662   -0.58662
  -0.58514   -0.58514   -0.47386   -0.47386   -0.47246   -0.47246   -0.05169   -0.05169
   0.01519    0.01519    0.04498    0.04498    0.08401    0.08401    0.10191    0.10191
   0.12059    0.12059    0.30470
 kpt#   8, nband= 27, wtk=  0.03125, kpt=  0.0000  0.0000  0.2500 (reduced coord)
  -0.61433   -0.60456   -0.60456   -0.59350   -0.58976   -0.58930   -0.58741   -0.58693
  -0.58693   -0.58570   -0.51821   -0.44525   -0.44525   -0.43039   -0.13899   -0.01661
   0.00073    0.02540    0.02540    0.05061    0.05061    0.05731    0.06020    0.12233
   0.12233    0.13526    0.26856
 kpt#   9, nband= 27, wtk=  0.12500, kpt=  0.2500  0.0000  0.2500 (reduced coord)
  -0.61437   -0.60804   -0.60175   -0.59342   -0.58965   -0.58916   -0.58725   -0.58674
  -0.58671   -0.58585   -0.51209   -0.46538   -0.43897   -0.42323   -0.12425   -0.03546
  -0.02008   -0.00746    0.04024    0.04280    0.06073    0.08107    0.08683    0.11939
   0.12042    0.13418    0.28550
 kpt#  10, nband= 27, wtk=  0.06250, kpt=  0.5000  0.0000  0.2500 (reduced coord)
  -0.61254   -0.61254   -0.59654   -0.59654   -0.58936   -0.58936   -0.58687   -0.58687
  -0.58624   -0.58624   -0.49288   -0.49288   -0.42718   -0.42718   -0.08431   -0.08431
  -0.02622   -0.02622    0.03923    0.03923    0.09547    0.09548    0.10249    0.10249
   0.12376    0.12376    0.33048
 kpt#  11, nband= 27, wtk=  0.06250, kpt=  0.2500  0.2500  0.2500 (reduced coord)
  -0.61376   -0.60602   -0.60469   -0.59468   -0.58971   -0.58891   -0.58720   -0.58673
  -0.58669   -0.58598   -0.50468   -0.46438   -0.44684   -0.42412   -0.11419   -0.06401
  -0.01491    0.02317    0.02845    0.03069    0.05184    0.09030    0.10318    0.11227
   0.12245    0.13405    0.29545
 kpt#  12, nband= 27, wtk=  0.12500, kpt=  0.5000  0.2500  0.2500 (reduced coord)
  -0.61078   -0.61078   -0.59954   -0.59954   -0.58934   -0.58934   -0.58694   -0.58694
  -0.58631   -0.58631   -0.48460   -0.48460   -0.43557   -0.43557   -0.09126   -0.09126
  -0.00258   -0.00258    0.02880    0.02880    0.08488    0.08489    0.10746    0.10746
   0.12633    0.12633    0.32255
 kpt#  13, nband= 27, wtk=  0.06250, kpt= -0.2500  0.2500  0.2500 (reduced coord)
  -0.61376   -0.60602   -0.60469   -0.59468   -0.58971   -0.58891   -0.58720   -0.58673
  -0.58669   -0.58598   -0.50468   -0.46438   -0.44684   -0.42412   -0.11419   -0.06401
  -0.01491    0.02317    0.02845    0.03069    0.05184    0.09030    0.10318    0.11227
   0.12245    0.13405    0.29545
 kpt#  14, nband= 27, wtk=  0.03125, kpt=  0.5000  0.5000  0.2500 (reduced coord)
  -0.60672   -0.60672   -0.60481   -0.60481   -0.58931   -0.58931   -0.58697   -0.58697
  -0.58636   -0.58636   -0.47194   -0.47194   -0.44843   -0.44843   -0.09559   -0.09559
   0.01721    0.01721    0.03707    0.03707    0.05492    0.05492    0.12066    0.12066
   0.12214    0.12214    0.31623
 kpt#  15, nband= 27, wtk=  0.01563, kpt=  0.0000  0.0000  0.5000 (reduced coord)
  -0.61490   -0.61490   -0.59986   -0.59986   -0.58843   -0.58843   -0.58628   -0.58628
  -0.58532   -0.58532   -0.47503   -0.47503   -0.42328   -0.42328   -0.10712   -0.10712
   0.00264    0.00264    0.01554    0.01554    0.05669    0.05669    0.09660    0.09660
   0.10863    0.10863    0.35335
 kpt#  16, nband= 27, wtk=  0.06250, kpt=  0.2500  0.0000  0.5000 (reduced coord)
  -0.61809   -0.61809   -0.59545   -0.59545   -0.58855   -0.58855   -0.58619   -0.58619
  -0.58511   -0.58511   -0.47896   -0.47896   -0.42009   -0.42009   -0.10348   -0.10348
  -0.02237   -0.02237    0.00619    0.00619    0.08543    0.08543    0.10360    0.10360
   0.11234    0.11234    0.35684
 kpt#  17, nband= 27, wtk=  0.03125, kpt=  0.5000  0.0000  0.5000 (reduced coord)
  -0.62035   -0.62035   -0.59216   -0.59216   -0.58841   -0.58841   -0.58611   -0.58611
  -0.58489   -0.58489   -0.48264   -0.48264   -0.41722   -0.41722   -0.09793   -0.09793
  -0.04410   -0.04410    0.00416    0.00416    0.09055    0.09055    0.11538    0.11538
   0.12334    0.12334    0.36232
 kpt#  18, nband= 27, wtk=  0.03125, kpt=  0.2500  0.2500  0.5000 (reduced coord)
  -0.62035   -0.61507   -0.60015   -0.59184   -0.58865   -0.58855   -0.58619   -0.58610
  -0.58510   -0.58498   -0.48267   -0.47234   -0.42457   -0.41714   -0.12121   -0.09955
  -0.03250   -0.01379   -0.01172    0.04682    0.05741    0.10768    0.10847    0.10995
   0.11200    0.11669    0.33511
 kpt#  19, nband= 27, wtk=  0.06250, kpt=  0.5000  0.2500  0.5000 (reduced coord)
  -0.61824   -0.61824   -0.59575   -0.59575   -0.58857   -0.58857   -0.58611   -0.58611
  -0.58503   -0.58503   -0.47654   -0.47654   -0.42104   -0.42104   -0.11949   -0.11949
  -0.02149   -0.02149    0.00988    0.00988    0.09644    0.09644    0.11474    0.11474
   0.11920    0.11920    0.33004
 kpt#  20, nband= 27, wtk=  0.03125, kpt= -0.2500  0.2500  0.5000 (reduced coord)
  -0.62035   -0.61507   -0.60015   -0.59184   -0.58865   -0.58855   -0.58619   -0.58610
  -0.58510   -0.58498   -0.48267   -0.47234   -0.42457   -0.41714   -0.12121   -0.09955
  -0.03250   -0.01379   -0.01172    0.04682    0.05741    0.10768    0.10847    0.10995
   0.11200    0.11669    0.33511
 kpt#  21, nband= 27, wtk=  0.01563, kpt=  0.5000  0.5000  0.5000 (reduced coord)
  -0.61524   -0.61524   -0.60032   -0.60032   -0.58849   -0.58849   -0.58611   -0.58611
  -0.58517   -0.58517   -0.46958   -0.46958   -0.42585   -0.42585   -0.13261   -0.13261
  -0.02309   -0.02309    0.05890    0.05890    0.06193    0.06193    0.11838    0.11838
   0.12372    0.12372    0.30893
