
 **** DERIVATIVE DATABASE ****    
+DDB, Version number    100401

  Note : temporary (transfer) database

    usepaw         0
     natom         6
      nkpt        21
    nsppol         1
      nsym         4
    ntypat         2
    occopt         1
     nband        27
     acell  0.91100000000000D+01  0.91100000000000D+01  0.61037000000000D+01
       amu  0.11871000000000D+03  0.15999400000000D+02
   dilatmx  0.10500000000000D+01
      ecut  0.37500000000000D+02
    ecutsm  0.50000000000000D+00
     intxc         0
      iscf         7
       ixc        11
       kpt  0.00000000000000D+00  0.00000000000000D+00  0.00000000000000D+00
            0.25000000000000D+00  0.00000000000000D+00  0.00000000000000D+00
            0.50000000000000D+00  0.00000000000000D+00  0.00000000000000D+00
            0.25000000000000D+00  0.25000000000000D+00  0.00000000000000D+00
            0.50000000000000D+00  0.25000000000000D+00  0.00000000000000D+00
           -0.25000000000000D+00  0.25000000000000D+00  0.00000000000000D+00
            0.50000000000000D+00  0.50000000000000D+00  0.00000000000000D+00
            0.00000000000000D+00  0.00000000000000D+00  0.25000000000000D+00
            0.25000000000000D+00  0.00000000000000D+00  0.25000000000000D+00
            0.50000000000000D+00  0.00000000000000D+00  0.25000000000000D+00
            0.25000000000000D+00  0.25000000000000D+00  0.25000000000000D+00
            0.50000000000000D+00  0.25000000000000D+00  0.25000000000000D+00
           -0.25000000000000D+00  0.25000000000000D+00  0.25000000000000D+00
            0.50000000000000D+00  0.50000000000000D+00  0.25000000000000D+00
            0.00000000000000D+00  0.00000000000000D+00  0.50000000000000D+00
            0.25000000000000D+00  0.00000000000000D+00  0.50000000000000D+00
            0.50000000000000D+00  0.00000000000000D+00  0.50000000000000D+00
            0.25000000000000D+00  0.25000000000000D+00  0.50000000000000D+00
            0.50000000000000D+00  0.25000000000000D+00  0.50000000000000D+00
           -0.25000000000000D+00  0.25000000000000D+00  0.50000000000000D+00
            0.50000000000000D+00  0.50000000000000D+00  0.50000000000000D+00
    kptnrm  0.10000000000000D+01
     ngfft        54   54   36
    nspden         1
   nspinor         1
       occ  0.20000000000000D+01  0.20000000000000D+01  0.20000000000000D+01
            0.20000000000000D+01  0.20000000000000D+01  0.20000000000000D+01
            0.20000000000000D+01  0.20000000000000D+01  0.20000000000000D+01
            0.20000000000000D+01  0.20000000000000D+01  0.20000000000000D+01
            0.20000000000000D+01  0.20000000000000D+01  0.20000000000000D+01
            0.20000000000000D+01  0.20000000000000D+01  0.20000000000000D+01
            0.20000000000000D+01  0.20000000000000D+01  0.20000000000000D+01
            0.20000000000000D+01  0.20000000000000D+01  0.20000000000000D+01
            0.20000000000000D+01  0.20000000000000D+01  0.00000000000000D+00
     rprim  0.10000000000000D+01  0.00000000000000D+00  0.00000000000000D+00
            0.00000000000000D+00  0.10000000000000D+01  0.00000000000000D+00
            0.00000000000000D+00  0.00000000000000D+00  0.10000000000000D+01
  dfpt_sciss  0.00000000000000D+00
    spinat  0.00000000000000D+00  0.00000000000000D+00  0.00000000000000D+00
            0.00000000000000D+00  0.00000000000000D+00  0.00000000000000D+00
            0.00000000000000D+00  0.00000000000000D+00  0.00000000000000D+00
            0.00000000000000D+00  0.00000000000000D+00  0.00000000000000D+00
            0.00000000000000D+00  0.00000000000000D+00  0.00000000000000D+00
            0.00000000000000D+00  0.00000000000000D+00  0.00000000000000D+00
    symafm         1    1    1    1
    symrel         1    0    0    0    1    0    0    0    1
                   1    0    0    0    1    0    0    0   -1
                   0    1    0    1    0    0    0    0    1
                   0    1    0    1    0    0    0    0   -1
     tnons  0.00000000000000D+00  0.00000000000000D+00  0.00000000000000D+00
            0.00000000000000D+00  0.00000000000000D+00  0.00000000000000D+00
            0.00000000000000D+00  0.00000000000000D+00  0.00000000000000D+00
            0.00000000000000D+00  0.00000000000000D+00  0.00000000000000D+00
    tolwfr  0.10000000000000D+01
   tphysel  0.00000000000000D+00
    tsmear  0.10000000000000D-01
     typat         1    1    2    2    2    2
       wtk  0.15625000000000D-01  0.62500000000000D-01  0.31250000000000D-01
            0.31250000000000D-01  0.62500000000000D-01  0.31250000000000D-01
            0.15625000000000D-01  0.31250000000000D-01  0.12500000000000D+00
            0.62500000000000D-01  0.62500000000000D-01  0.12500000000000D+00
            0.62500000000000D-01  0.31250000000000D-01  0.15625000000000D-01
            0.62500000000000D-01  0.31250000000000D-01  0.31250000000000D-01
            0.62500000000000D-01  0.31250000000000D-01  0.15625000000000D-01
      xred -0.33041724089520D-03 -0.33041724089520D-03  0.00000000000000D+00
            0.49966980345346D+00  0.49966980345346D+00  0.50000000000000D+00
            0.80638129667397D+00  0.19294454732540D+00  0.50000000000000D+00
            0.19294454732540D+00  0.80638129667397D+00  0.50000000000000D+00
            0.30638577021775D+00  0.30638577021775D+00  0.00000000000000D+00
            0.69294899957031D+00  0.69294899957031D+00  0.00000000000000D+00
     znucl  0.50000000000000D+02  0.80000000000000D+01
      zion  0.14000000000000D+02  0.60000000000000D+01
 
 No information on the potentials yet 
 
 **** Database of total energy derivatives ****
 Number of data blocks=    2
  
 Total energy                 - # elements :       1
 -0.22379350066138D+03  0.00000000000000D+00
  
 1st derivatives              - # elements :      24
   1   1  0.24446771674157D-04  0.00000000000000D+00
   2   1  0.24446771674157D-04  0.00000000000000D+00
   3   1  0.00000000000000D+00  0.00000000000000D+00
   1   2  0.24445812793386D-04  0.00000000000000D+00
   2   2  0.24445812793386D-04  0.00000000000000D+00
   3   2  0.00000000000000D+00  0.00000000000000D+00
   1   3  0.24446530419953D-04  0.00000000000000D+00
   2   3  0.24446224151977D-04  0.00000000000000D+00
   3   3  0.00000000000000D+00  0.00000000000000D+00
   1   4  0.24446224151977D-04  0.00000000000000D+00
   2   4  0.24446530419953D-04  0.00000000000000D+00
   3   4  0.00000000000000D+00  0.00000000000000D+00
   1   5  0.24447122436427D-04  0.00000000000000D+00
   2   5  0.24447122436427D-04  0.00000000000000D+00
   3   5  0.00000000000000D+00  0.00000000000000D+00
   1   6  0.24447051228998D-04  0.00000000000000D+00
   2   6  0.24447051228998D-04  0.00000000000000D+00
   3   6  0.00000000000000D+00  0.00000000000000D+00
   1   9 -0.10427769758792D-12  0.00000000000000D+00
   2   9 -0.10427769758792D-12  0.00000000000000D+00
   3   9 -0.10030830333019D-11  0.00000000000000D+00
   1  10  0.00000000000000D+00  0.00000000000000D+00
   2  10  0.00000000000000D+00  0.00000000000000D+00
   3  10  0.27780780607510D-14  0.00000000000000D+00
