284 crystal
    0.0000000000     0.0000000000     0.0000000000 0.00352112676
    0.0000000000     0.0200000000     0.0000000000 0.00352112676
    0.0000000000     0.0400000000     0.0000000000 0.00352112676
    0.0000000000     0.0600000000     0.0000000000 0.00352112676
    0.0000000000     0.0800000000     0.0000000000 0.00352112676
    0.0000000000     0.1000000000     0.0000000000 0.00352112676
    0.0000000000     0.1200000000     0.0000000000 0.00352112676
    0.0000000000     0.1400000000     0.0000000000 0.00352112676
    0.0000000000     0.1600000000     0.0000000000 0.00352112676
    0.0000000000     0.1800000000     0.0000000000 0.00352112676
    0.0000000000     0.2000000000     0.0000000000 0.00352112676
    0.0000000000     0.2200000000     0.0000000000 0.00352112676
    0.0000000000     0.2400000000     0.0000000000 0.00352112676
    0.0000000000     0.2600000000     0.0000000000 0.00352112676
    0.0000000000     0.2800000000     0.0000000000 0.00352112676
    0.0000000000     0.3000000000     0.0000000000 0.00352112676
    0.0000000000     0.3200000000     0.0000000000 0.00352112676
    0.0000000000     0.3400000000     0.0000000000 0.00352112676
    0.0000000000     0.3600000000     0.0000000000 0.00352112676
    0.0000000000     0.3800000000     0.0000000000 0.00352112676
    0.0000000000     0.4000000000     0.0000000000 0.00352112676
    0.0000000000     0.4200000000     0.0000000000 0.00352112676
    0.0000000000     0.4400000000     0.0000000000 0.00352112676
    0.0000000000     0.4600000000     0.0000000000 0.00352112676
    0.0000000000     0.4800000000     0.0000000000 0.00352112676
    0.0000000000     0.5000000000     0.0000000000 0.00352112676
    0.0200000000     0.5000000000     0.0000000000 0.00352112676
    0.0400000000     0.5000000000     0.0000000000 0.00352112676
    0.0600000000     0.5000000000     0.0000000000 0.00352112676
    0.0800000000     0.5000000000     0.0000000000 0.00352112676
    0.1000000000     0.5000000000     0.0000000000 0.00352112676
    0.1200000000     0.5000000000     0.0000000000 0.00352112676
    0.1400000000     0.5000000000     0.0000000000 0.00352112676
    0.1600000000     0.5000000000     0.0000000000 0.00352112676
    0.1800000000     0.5000000000     0.0000000000 0.00352112676
    0.2000000000     0.5000000000     0.0000000000 0.00352112676
    0.2200000000     0.5000000000     0.0000000000 0.00352112676
    0.2400000000     0.5000000000     0.0000000000 0.00352112676
    0.2600000000     0.5000000000     0.0000000000 0.00352112676
    0.2800000000     0.5000000000     0.0000000000 0.00352112676
    0.3000000000     0.5000000000     0.0000000000 0.00352112676
    0.3200000000     0.5000000000     0.0000000000 0.00352112676
    0.3400000000     0.5000000000     0.0000000000 0.00352112676
    0.3600000000     0.5000000000     0.0000000000 0.00352112676
    0.3800000000     0.5000000000     0.0000000000 0.00352112676
    0.4000000000     0.5000000000     0.0000000000 0.00352112676
    0.4200000000     0.5000000000     0.0000000000 0.00352112676
    0.4400000000     0.5000000000     0.0000000000 0.00352112676
    0.4600000000     0.5000000000     0.0000000000 0.00352112676
    0.4800000000     0.5000000000     0.0000000000 0.00352112676
    0.5000000000     0.5000000000     0.0000000000 0.00352112676
    0.4857142857     0.4857142857     0.0000000000 0.00352112676
    0.4714285714     0.4714285714     0.0000000000 0.00352112676
    0.4571428571     0.4571428571     0.0000000000 0.00352112676
    0.4428571429     0.4428571429     0.0000000000 0.00352112676
    0.4285714286     0.4285714286     0.0000000000 0.00352112676
    0.4142857143     0.4142857143     0.0000000000 0.00352112676
    0.4000000000     0.4000000000     0.0000000000 0.00352112676
    0.3857142857     0.3857142857     0.0000000000 0.00352112676
    0.3714285714     0.3714285714     0.0000000000 0.00352112676
    0.3571428571     0.3571428571     0.0000000000 0.00352112676
    0.3428571429     0.3428571429     0.0000000000 0.00352112676
    0.3285714286     0.3285714286     0.0000000000 0.00352112676
    0.3142857143     0.3142857143     0.0000000000 0.00352112676
    0.3000000000     0.3000000000     0.0000000000 0.00352112676
    0.2857142857     0.2857142857     0.0000000000 0.00352112676
    0.2714285714     0.2714285714     0.0000000000 0.00352112676
    0.2571428571     0.2571428571     0.0000000000 0.00352112676
    0.2428571429     0.2428571429     0.0000000000 0.00352112676
    0.2285714286     0.2285714286     0.0000000000 0.00352112676
    0.2142857143     0.2142857143     0.0000000000 0.00352112676
    0.2000000000     0.2000000000     0.0000000000 0.00352112676
    0.1857142857     0.1857142857     0.0000000000 0.00352112676
    0.1714285714     0.1714285714     0.0000000000 0.00352112676
    0.1571428571     0.1571428571     0.0000000000 0.00352112676
    0.1428571429     0.1428571429     0.0000000000 0.00352112676
    0.1285714286     0.1285714286     0.0000000000 0.00352112676
    0.1142857143     0.1142857143     0.0000000000 0.00352112676
    0.1000000000     0.1000000000     0.0000000000 0.00352112676
    0.0857142857     0.0857142857     0.0000000000 0.00352112676
    0.0714285714     0.0714285714     0.0000000000 0.00352112676
    0.0571428571     0.0571428571     0.0000000000 0.00352112676
    0.0428571429     0.0428571429     0.0000000000 0.00352112676
    0.0285714286     0.0285714286     0.0000000000 0.00352112676
    0.0142857143     0.0142857143     0.0000000000 0.00352112676
    0.0000000000     0.0000000000     0.0000000000 0.00352112676
    0.0000000000     0.0000000000     0.0135135135 0.00352112676
    0.0000000000     0.0000000000     0.0270270270 0.00352112676
    0.0000000000     0.0000000000     0.0405405405 0.00352112676
    0.0000000000     0.0000000000     0.0540540541 0.00352112676
    0.0000000000     0.0000000000     0.0675675676 0.00352112676
    0.0000000000     0.0000000000     0.0810810811 0.00352112676
    0.0000000000     0.0000000000     0.0945945946 0.00352112676
    0.0000000000     0.0000000000     0.1081081081 0.00352112676
    0.0000000000     0.0000000000     0.1216216216 0.00352112676
    0.0000000000     0.0000000000     0.1351351351 0.00352112676
    0.0000000000     0.0000000000     0.1486486486 0.00352112676
    0.0000000000     0.0000000000     0.1621621622 0.00352112676
    0.0000000000     0.0000000000     0.1756756757 0.00352112676
    0.0000000000     0.0000000000     0.1891891892 0.00352112676
    0.0000000000     0.0000000000     0.2027027027 0.00352112676
    0.0000000000     0.0000000000     0.2162162162 0.00352112676
    0.0000000000     0.0000000000     0.2297297297 0.00352112676
    0.0000000000     0.0000000000     0.2432432432 0.00352112676
    0.0000000000     0.0000000000     0.2567567568 0.00352112676
    0.0000000000     0.0000000000     0.2702702703 0.00352112676
    0.0000000000     0.0000000000     0.2837837838 0.00352112676
    0.0000000000     0.0000000000     0.2972972973 0.00352112676
    0.0000000000     0.0000000000     0.3108108108 0.00352112676
    0.0000000000     0.0000000000     0.3243243243 0.00352112676
    0.0000000000     0.0000000000     0.3378378378 0.00352112676
    0.0000000000     0.0000000000     0.3513513514 0.00352112676
    0.0000000000     0.0000000000     0.3648648649 0.00352112676
    0.0000000000     0.0000000000     0.3783783784 0.00352112676
    0.0000000000     0.0000000000     0.3918918919 0.00352112676
    0.0000000000     0.0000000000     0.4054054054 0.00352112676
    0.0000000000     0.0000000000     0.4189189189 0.00352112676
    0.0000000000     0.0000000000     0.4324324324 0.00352112676
    0.0000000000     0.0000000000     0.4459459459 0.00352112676
    0.0000000000     0.0000000000     0.4594594595 0.00352112676
    0.0000000000     0.0000000000     0.4729729730 0.00352112676
    0.0000000000     0.0000000000     0.4864864865 0.00352112676
    0.0000000000     0.0000000000     0.5000000000 0.00352112676
    0.0000000000     0.0200000000     0.5000000000 0.00352112676
    0.0000000000     0.0400000000     0.5000000000 0.00352112676
    0.0000000000     0.0600000000     0.5000000000 0.00352112676
    0.0000000000     0.0800000000     0.5000000000 0.00352112676
    0.0000000000     0.1000000000     0.5000000000 0.00352112676
    0.0000000000     0.1200000000     0.5000000000 0.00352112676
    0.0000000000     0.1400000000     0.5000000000 0.00352112676
    0.0000000000     0.1600000000     0.5000000000 0.00352112676
    0.0000000000     0.1800000000     0.5000000000 0.00352112676
    0.0000000000     0.2000000000     0.5000000000 0.00352112676
    0.0000000000     0.2200000000     0.5000000000 0.00352112676
    0.0000000000     0.2400000000     0.5000000000 0.00352112676
    0.0000000000     0.2600000000     0.5000000000 0.00352112676
    0.0000000000     0.2800000000     0.5000000000 0.00352112676
    0.0000000000     0.3000000000     0.5000000000 0.00352112676
    0.0000000000     0.3200000000     0.5000000000 0.00352112676
    0.0000000000     0.3400000000     0.5000000000 0.00352112676
    0.0000000000     0.3600000000     0.5000000000 0.00352112676
    0.0000000000     0.3800000000     0.5000000000 0.00352112676
    0.0000000000     0.4000000000     0.5000000000 0.00352112676
    0.0000000000     0.4200000000     0.5000000000 0.00352112676
    0.0000000000     0.4400000000     0.5000000000 0.00352112676
    0.0000000000     0.4600000000     0.5000000000 0.00352112676
    0.0000000000     0.4800000000     0.5000000000 0.00352112676
    0.0000000000     0.5000000000     0.5000000000 0.00352112676
    0.0200000000     0.5000000000     0.5000000000 0.00352112676
    0.0400000000     0.5000000000     0.5000000000 0.00352112676
    0.0600000000     0.5000000000     0.5000000000 0.00352112676
    0.0800000000     0.5000000000     0.5000000000 0.00352112676
    0.1000000000     0.5000000000     0.5000000000 0.00352112676
    0.1200000000     0.5000000000     0.5000000000 0.00352112676
    0.1400000000     0.5000000000     0.5000000000 0.00352112676
    0.1600000000     0.5000000000     0.5000000000 0.00352112676
    0.1800000000     0.5000000000     0.5000000000 0.00352112676
    0.2000000000     0.5000000000     0.5000000000 0.00352112676
    0.2200000000     0.5000000000     0.5000000000 0.00352112676
    0.2400000000     0.5000000000     0.5000000000 0.00352112676
    0.2600000000     0.5000000000     0.5000000000 0.00352112676
    0.2800000000     0.5000000000     0.5000000000 0.00352112676
    0.3000000000     0.5000000000     0.5000000000 0.00352112676
    0.3200000000     0.5000000000     0.5000000000 0.00352112676
    0.3400000000     0.5000000000     0.5000000000 0.00352112676
    0.3600000000     0.5000000000     0.5000000000 0.00352112676
    0.3800000000     0.5000000000     0.5000000000 0.00352112676
    0.4000000000     0.5000000000     0.5000000000 0.00352112676
    0.4200000000     0.5000000000     0.5000000000 0.00352112676
    0.4400000000     0.5000000000     0.5000000000 0.00352112676
    0.4600000000     0.5000000000     0.5000000000 0.00352112676
    0.4800000000     0.5000000000     0.5000000000 0.00352112676
    0.5000000000     0.5000000000     0.5000000000 0.00352112676
    0.4857142857     0.4857142857     0.5000000000 0.00352112676
    0.4714285714     0.4714285714     0.5000000000 0.00352112676
    0.4571428571     0.4571428571     0.5000000000 0.00352112676
    0.4428571429     0.4428571429     0.5000000000 0.00352112676
    0.4285714286     0.4285714286     0.5000000000 0.00352112676
    0.4142857143     0.4142857143     0.5000000000 0.00352112676
    0.4000000000     0.4000000000     0.5000000000 0.00352112676
    0.3857142857     0.3857142857     0.5000000000 0.00352112676
    0.3714285714     0.3714285714     0.5000000000 0.00352112676
    0.3571428571     0.3571428571     0.5000000000 0.00352112676
    0.3428571429     0.3428571429     0.5000000000 0.00352112676
    0.3285714286     0.3285714286     0.5000000000 0.00352112676
    0.3142857143     0.3142857143     0.5000000000 0.00352112676
    0.3000000000     0.3000000000     0.5000000000 0.00352112676
    0.2857142857     0.2857142857     0.5000000000 0.00352112676
    0.2714285714     0.2714285714     0.5000000000 0.00352112676
    0.2571428571     0.2571428571     0.5000000000 0.00352112676
    0.2428571429     0.2428571429     0.5000000000 0.00352112676
    0.2285714286     0.2285714286     0.5000000000 0.00352112676
    0.2142857143     0.2142857143     0.5000000000 0.00352112676
    0.2000000000     0.2000000000     0.5000000000 0.00352112676
    0.1857142857     0.1857142857     0.5000000000 0.00352112676
    0.1714285714     0.1714285714     0.5000000000 0.00352112676
    0.1571428571     0.1571428571     0.5000000000 0.00352112676
    0.1428571429     0.1428571429     0.5000000000 0.00352112676
    0.1285714286     0.1285714286     0.5000000000 0.00352112676
    0.1142857143     0.1142857143     0.5000000000 0.00352112676
    0.1000000000     0.1000000000     0.5000000000 0.00352112676
    0.0857142857     0.0857142857     0.5000000000 0.00352112676
    0.0714285714     0.0714285714     0.5000000000 0.00352112676
    0.0571428571     0.0571428571     0.5000000000 0.00352112676
    0.0428571429     0.0428571429     0.5000000000 0.00352112676
    0.0285714286     0.0285714286     0.5000000000 0.00352112676
    0.0142857143     0.0142857143     0.5000000000 0.00352112676
    0.0000000000     0.0000000000     0.5000000000 0.00352112676
    0.0000000000     0.5000000000     0.0000000000 0.00352112676
    0.0000000000     0.5000000000     0.0135135135 0.00352112676
    0.0000000000     0.5000000000     0.0270270270 0.00352112676
    0.0000000000     0.5000000000     0.0405405405 0.00352112676
    0.0000000000     0.5000000000     0.0540540541 0.00352112676
    0.0000000000     0.5000000000     0.0675675676 0.00352112676
    0.0000000000     0.5000000000     0.0810810811 0.00352112676
    0.0000000000     0.5000000000     0.0945945946 0.00352112676
    0.0000000000     0.5000000000     0.1081081081 0.00352112676
    0.0000000000     0.5000000000     0.1216216216 0.00352112676
    0.0000000000     0.5000000000     0.1351351351 0.00352112676
    0.0000000000     0.5000000000     0.1486486486 0.00352112676
    0.0000000000     0.5000000000     0.1621621622 0.00352112676
    0.0000000000     0.5000000000     0.1756756757 0.00352112676
    0.0000000000     0.5000000000     0.1891891892 0.00352112676
    0.0000000000     0.5000000000     0.2027027027 0.00352112676
    0.0000000000     0.5000000000     0.2162162162 0.00352112676
    0.0000000000     0.5000000000     0.2297297297 0.00352112676
    0.0000000000     0.5000000000     0.2432432432 0.00352112676
    0.0000000000     0.5000000000     0.2567567568 0.00352112676
    0.0000000000     0.5000000000     0.2702702703 0.00352112676
    0.0000000000     0.5000000000     0.2837837838 0.00352112676
    0.0000000000     0.5000000000     0.2972972973 0.00352112676
    0.0000000000     0.5000000000     0.3108108108 0.00352112676
    0.0000000000     0.5000000000     0.3243243243 0.00352112676
    0.0000000000     0.5000000000     0.3378378378 0.00352112676
    0.0000000000     0.5000000000     0.3513513514 0.00352112676
    0.0000000000     0.5000000000     0.3648648649 0.00352112676
    0.0000000000     0.5000000000     0.3783783784 0.00352112676
    0.0000000000     0.5000000000     0.3918918919 0.00352112676
    0.0000000000     0.5000000000     0.4054054054 0.00352112676
    0.0000000000     0.5000000000     0.4189189189 0.00352112676
    0.0000000000     0.5000000000     0.4324324324 0.00352112676
    0.0000000000     0.5000000000     0.4459459459 0.00352112676
    0.0000000000     0.5000000000     0.4594594595 0.00352112676
    0.0000000000     0.5000000000     0.4729729730 0.00352112676
    0.0000000000     0.5000000000     0.4864864865 0.00352112676
    0.0000000000     0.5000000000     0.5000000000 0.00352112676
    0.5000000000     0.5000000000     0.0000000000 0.00352112676
    0.5000000000     0.5000000000     0.0135135135 0.00352112676
    0.5000000000     0.5000000000     0.0270270270 0.00352112676
    0.5000000000     0.5000000000     0.0405405405 0.00352112676
    0.5000000000     0.5000000000     0.0540540541 0.00352112676
    0.5000000000     0.5000000000     0.0675675676 0.00352112676
    0.5000000000     0.5000000000     0.0810810811 0.00352112676
    0.5000000000     0.5000000000     0.0945945946 0.00352112676
    0.5000000000     0.5000000000     0.1081081081 0.00352112676
    0.5000000000     0.5000000000     0.1216216216 0.00352112676
    0.5000000000     0.5000000000     0.1351351351 0.00352112676
    0.5000000000     0.5000000000     0.1486486486 0.00352112676
    0.5000000000     0.5000000000     0.1621621622 0.00352112676
    0.5000000000     0.5000000000     0.1756756757 0.00352112676
    0.5000000000     0.5000000000     0.1891891892 0.00352112676
    0.5000000000     0.5000000000     0.2027027027 0.00352112676
    0.5000000000     0.5000000000     0.2162162162 0.00352112676
    0.5000000000     0.5000000000     0.2297297297 0.00352112676
    0.5000000000     0.5000000000     0.2432432432 0.00352112676
    0.5000000000     0.5000000000     0.2567567568 0.00352112676
    0.5000000000     0.5000000000     0.2702702703 0.00352112676
    0.5000000000     0.5000000000     0.2837837838 0.00352112676
    0.5000000000     0.5000000000     0.2972972973 0.00352112676
    0.5000000000     0.5000000000     0.3108108108 0.00352112676
    0.5000000000     0.5000000000     0.3243243243 0.00352112676
    0.5000000000     0.5000000000     0.3378378378 0.00352112676
    0.5000000000     0.5000000000     0.3513513514 0.00352112676
    0.5000000000     0.5000000000     0.3648648649 0.00352112676
    0.5000000000     0.5000000000     0.3783783784 0.00352112676
    0.5000000000     0.5000000000     0.3918918919 0.00352112676
    0.5000000000     0.5000000000     0.4054054054 0.00352112676
    0.5000000000     0.5000000000     0.4189189189 0.00352112676
    0.5000000000     0.5000000000     0.4324324324 0.00352112676
    0.5000000000     0.5000000000     0.4459459459 0.00352112676
    0.5000000000     0.5000000000     0.4594594595 0.00352112676
    0.5000000000     0.5000000000     0.4729729730 0.00352112676
    0.5000000000     0.5000000000     0.4864864865 0.00352112676
0.5000000000 0.5000000000 0.5000000000 0.00352112676
