 &input
    asr='simple',
    amass(1)= 118.71
    amass(2)= 15.999
    flfrc='SnO2_444.fc', flfrq='SnO2.freq'
    q_in_band_form=.true. 
 /
12
0.0000000000	0.0000000000	0.0000000000 10 !G
0.0000000000	0.5000000000	0.0000000000 10 !X
0.5000000000	0.5000000000	0.0000000000 10 !M
0.0000000000	0.0000000000	0.0000000000 10 !G
0.0000000000	0.0000000000	0.5000000000 10 !Z
0.0000000000	0.5000000000	0.5000000000 10 !R
0.5000000000	0.5000000000	0.5000000000 10 !A
0.0000000000	0.0000000000	0.5000000000 1  !Z
0.0000000000	0.5000000000	0.0000000000 10 !X
0.0000000000	0.5000000000	0.5000000000 1  !R
0.5000000000	0.5000000000	0.0000000000 10 !M
0.5000000000	0.5000000000	0.5000000000 1  !A

